spam
152830784.61827156,23843638.541919217,82179337.36798193,3469359545.454545,680598454.5454546,20766909.09090909
spam
146513543.37680244,6561996.148545105,31739000.678164244,7833623909.09091,1591704727.272727,85662818.18181819
spam
122142447.43839607,2378946.090196336,8106770.601888026,7078453454.545455,5628929090.90909,311679363.6363636
guass_1_20
147543.62062073406,147393.95845958203,179378.8768403352,597382818.1818181,546355181.8181818,8294636.363636363
guass_1_50
142446.9419944283,142308.4486092291,172745.21723847324,2043573636.3636367,2333449000.0,32149909.090909097
guass_1_100
139570.97306333276,139437.84316030735,168697.98645039162,4112561909.090909,4908810363.636364,112979545.45454547
guass_10_20
2343032.3622995364,388789.9502896406,1963468.6982153351,502145818.18181825,287210363.6363636,2869545.454545454
guass_10_50
1828842.9790894378,378016.0202929477,2049266.4013342983,935511272.7272727,471146727.27272725,17710363.636363637
guass_10_100
1839664.6716281765,385750.96862525574,1880096.2811132025,1083371909.090909,1018821181.8181818,52181818.18181818
guass_100_20
286284790.75072706,150376.27144101492,307210527.98569185,504601090.90909094,33569909.09090909,2904727.2727272725
guass_100_50
201598245.01720276,150298.300556923,219376072.52915087,706204181.8181819,80026545.45454545,17292090.90909091
guass_100_100
177555023.77712488,148275.69460093518,224918734.20630533,1112978454.5454545,159095454.54545453,47122636.36363637
